,Date
4153854368,1483405113.62
21883268,1483405182.07
1202800137,1483405181.35
7357043,1483405113.63
4253237513,1483405151.36
3511452316,1483405113.63
274566141,1483405113.64
4338508096,1483405113.95
4340510977,1483405118.39
207370723,1483405129.32
2217244741,1483405180.88
4265273163,1483405113.96
13410670,1483405113.96
260229263,1483405182.78
10500180,1483405113.96
343303450,1483405127.99
454577083,1483405113.97
336415236,1483405114.36
3042955781,1483405127.98
1617660490,1483405114.37
268253198,1483405114.37
4997619,1483405114.37
253151282,1483405114.38
39110835,1483405114.38
3860138550,1483405181.72
14201943,1483405139.9
3410979673,1483405114.38
418966651,1483405164.25
7087485,1483405180.51
3190319656,1483405175.22
1593321,1483405114.73
399110922,1483405114.73
40682702,1483405114.73
261078830,1483405114.73
1826197078,1483405114.73
426808121,1483405162.61
186367163,1483405114.74
35950557,1483405124.03
181868926,1483405114.74
3102291170,1483405182.77
391806821,1483405128.93
3588511889,1483405115.05
1013436587,1483405149.32
27528141,1483405175.6
193208145,1483405144.62
10964533,1483405117.2
27298231,1483405115.06
177488826,1483405115.06
2200380637,1483405115.07
1766315989,1483405115.07
3169520000,1483405115.36
2250308386,1483405137.85
3349169,1483405115.36
2333257747,1483405128.94
17152982,1483405180.51
254660408,1483405115.37
422357345,1483405178.54
2996305412,1483405115.71
343326728,1483405115.71
51170634,1483405130.65
17018093,1483405138.7
145441181,1483405115.72
178806899,1483405118.74
49213240,1483405115.72
43850397,1483405115.72
678228674,1483405116.03
53360493,1483405126.02
868399694,1483405116.04
1987132302,1483405116.04
278168188,1483405116.04
3941180161,1483405116.41
4276254183,1483405116.42
2205627017,1483405116.42
3133157578,1483405116.42
23096017,1483405116.42
1074480882,1483405175.99
6746870,1483405116.43
14533210,1483405116.43
26746217,1483405162.98
343453382,1483405130.64
1665257,1483405116.84
1462875658,1483405116.85
1333774956,1483405157.83
237518604,1483405138.3
6650832,1483405116.85
218394833,1483405124.84
233367002,1483405180.51
9851547,1483405116.86
1950613660,1483405170.28
1532558333,1483405182.08
626069,1483405116.86
16807265,1483405117.19
1577415842,1483405117.19
1223269,1483405117.19
1224547463,1483405117.19
21516042,1483405117.19
263474003,1483405179.52
267438870,1483405117.2
2288097,1483405117.61
2713526660,1483405117.61
201807720,1483405117.62
1883703,1483405117.62
238109805,1483405117.62
7845908,1483405117.62
7286326,1483405117.62
5701368,1483405117.63
4342056922,1483405117.63
282584764,1483405118.76
40528221,1483405117.63
11090110,1483405117.63
30225911,1483405155.08
248427019,1483405166.14
1543487372,1483405117.99
6632114,1483405168.83
9888317,1483405117.99
99218,1483405117.99
3467763795,1483405118.0
1371121596,1483405121.91
53567037,1483405118.0
208439999,1483405164.68
1399715776,1483405118.39
258827121,1483405164.26
238406792,1483405118.4
185425102,1483405118.4
18407280,1483405118.4
55019345,1483405127.57
28598866,1483405118.4
206084212,1483405118.41
3047032409,1483405146.23
30346585,1483405118.41
285682463,1483405118.41
446314664,1483405167.65
196653276,1483405118.75
557687980,1483405118.75
21792465,1483405118.75
11643891,1483405128.48
281874200,1483405118.76
2189805849,1483405118.76
30180307,1483405181.71
2279712384,1483405119.1
394307269,1483405119.1
10622662,1483405169.27
10509101,1483405119.11
234747613,1483405119.11
4128194066,1483405150.95
278999156,1483405138.3
3644933943,1483405119.12
280842719,1483405119.12
2187065180,1483405119.12
14029893,1483405119.12
16145569,1483405120.66
6069090,1483405119.51
35003780,1483405119.51
231568677,1483405125.25
4326734855,1483405119.52
4211483913,1483405119.52
3036903463,1483405119.52
4735219,1483405119.52
1051088502,1483405130.16
2137854245,1483405119.53
22663300,1483405135.65
175783079,1483405119.86
1939848201,1483405119.86
374968391,1483405119.86
42757164,1483405119.87
15725200,1483405119.87
8805273,1483405119.87
261306203,1483405119.87
28550046,1483405119.87
2684662,1483405120.3
13180198,1483405120.3
5440046,1483405163.82
2310848112,1483405120.31
4183219,1483405120.31
12640541,1483405120.31
31769277,1483405120.31
1642308215,1483405120.32
1491177724,1483405120.32
1292812157,1483405124.03
1825562336,1483405120.66
231393956,1483405127.15
9413,1483405120.66
28654183,1483405120.66
1565149100,1483405120.67
204163271,1483405123.24
440954252,1483405120.67
718002448,1483405126.03
313910160,1483405120.67
1501039207,1483405120.68
175018222,1483405129.79
216388090,1483405120.68
38701884,1483405179.07
646444001,1483405121.08
28154951,1483405121.08
183474383,1483405121.09
633871540,1483405121.09
691132213,1483405121.09
9840308,1483405121.09
2056309211,1483405121.09
179842112,1483405165.78
713141760,1483405121.48
419016514,1483405121.49
27678276,1483405168.83
248187569,1483405133.95
50385228,1483405121.49
2225823214,1483405134.77
3243638205,1483405121.5
3511058193,1483405121.5
293479953,1483405121.5
191029369,1483405134.34
3473875881,1483405121.9
4971437,1483405121.9
632318733,1483405121.9
245296532,1483405121.9
3552191833,1483405121.9
40828834,1483405122.39
243447480,1483405122.39
42456524,1483405122.39
144258862,1483405122.39
1365554513,1483405122.4
1156559187,1483405122.4
206892021,1483405122.4
31092821,1483405122.4
15572856,1483405122.4
280048506,1483405122.41
38680347,1483405122.41
5850332,1483405122.41
32699231,1483405122.41
9724928,1483405122.83
279383875,1483405175.99
1498216814,1483405122.84
2919065331,1483405122.84
1914314873,1483405122.84
836611907,1483405122.84
3273719343,1483405122.84
306881690,1483405122.85
13862399,1483405151.37
1033993765,1483405123.24
3317066929,1483405182.77
193160785,1483405123.25
270475381,1483405123.25
189242007,1483405123.25
1567406813,1483405123.25
10206750,1483405123.26
28393314,1483405123.62
1985314056,1483405123.62
35628331,1483405123.62
217142734,1483405123.63
3271225,1483405125.63
3795058141,1483405123.63
852830,1483405123.63
357914624,1483405124.02
4714860,1483405165.01
21603248,1483405127.57
1140593684,1483405128.49
34398646,1483405124.03
23757864,1483405128.93
4506122,1483405124.42
2260348784,1483405125.63
323662001,1483405124.42
1732145556,1483405124.42
33043669,1483405129.33
27179960,1483405124.43
239387706,1483405124.43
49670543,1483405124.43
24547194,1483405124.43
244459455,1483405124.44
1308330656,1483405144.24
30223649,1483405124.83
199087941,1483405124.83
5060201,1483405175.6
1663564147,1483405124.84
185617132,1483405124.84
18253518,1483405124.84
2744893,1483405144.62
4722259,1483405124.84
24817167,1483405130.66
254703357,1483405124.85
46103518,1483405124.85
386436548,1483405125.24
174561895,1483405125.25
235235594,1483405126.83
1773162443,1483405132.63
1433419920,1483405125.25
1550353,1483405125.26
2012039186,1483405125.26
20656086,1483405131.34
997608888,1483405125.26
4769082,1483405125.26
615569213,1483405125.27
13408613,1483405125.27
300861101,1483405125.62
298619142,1483405127.15
2369605611,1483405133.95
21075250,1483405125.62
43101234,1483405180.51
2182078460,1483405183.31
4306112735,1483405125.63
2151135908,1483405153.89
31199301,1483405126.02
196293359,1483405126.02
31273100,1483405126.02
1058714328,1483405126.03
1309311289,1483405155.08
651232357,1483405126.37
310356006,1483405126.37
2028705549,1483405126.37
2208916816,1483405126.37
9006261,1483405126.38
452503895,1483405126.38
319810588,1483405142.13
16144353,1483405126.82
11319170,1483405126.82
14814083,1483405126.83
248411500,1483405126.83
10785021,1483405126.83
31380798,1483405126.83
5713654,1483405126.83
2908441336,1483405126.84
9509817,1483405126.84
7835930,1483405158.75
236004158,1483405126.84
11648847,1483405127.15
296390553,1483405127.16
45704473,1483405127.16
722264,1483405127.16
23349113,1483405127.16
31050211,1483405127.56
3798341,1483405127.56
3883369,1483405127.57
3102765,1483405127.57
3323894486,1483405127.57
1379579904,1483405176.35
1238022945,1483405127.97
266117284,1483405127.97
234259076,1483405179.52
21359521,1483405127.98
38028462,1483405128.48
33707477,1483405127.98
34630486,1483405127.98
195890809,1483405127.99
538687065,1483405160.24
1768284,1483405127.99
186756907,1483405137.4
187363382,1483405137.86
190322313,1483405128.47
727743018,1483405128.47
9347499,1483405128.48
207321076,1483405128.48
193851287,1483405128.48
13023000,1483405148.97
384560282,1483405128.49
1913408111,1483405128.49
9621598,1483405128.49
11653577,1483405130.16
1473316516,1483405128.93
9958762,1483405128.93
3181670647,1483405128.94
33060109,1483405128.94
436805775,1483405151.36
12261236,1483405128.94
16531390,1483405128.95
220292182,1483405128.95
2560460446,1483405128.95
1046151487,1483405128.95
4037926465,1483405129.32
186562281,1483405129.32
203644614,1483405129.32
376288615,1483405129.32
22665225,1483405129.33
1605939946,1483405129.33
257857387,1483405166.58
22389430,1483405129.33
22251064,1483405129.34
3862526465,1483405129.76
2301083074,1483405178.1
4032700899,1483405129.77
31349797,1483405129.77
13310439,1483405129.77
425083426,1483405129.78
12453170,1483405129.78
3425281459,1483405130.65
50859188,1483405129.78
174238684,1483405129.79
531952821,1483405130.15
567955362,1483405130.15
179929027,1483405130.15
442921190,1483405130.16
2142217,1483405158.74
1502195409,1483405171.63
185356437,1483405130.16
13068283,1483405130.16
2969212,1483405182.44
12160693,1483405130.17
144869571,1483405130.64
2287910884,1483405130.64
28143973,1483405130.64
1424084167,1483405130.64
179603401,1483405130.64
1341867613,1483405130.65
1554501458,1483405130.65
13672687,1483405130.65
32012791,1483405176.8
2144462488,1483405130.66
2826232916,1483405174.41
347849914,1483405130.66
32654109,1483405130.66
299574785,1483405131.0
3145820835,1483405135.66
1431371729,1483405133.11
258525808,1483405131.01
15510235,1483405131.01
1043109,1483405131.01
1399282593,1483405131.33
31751063,1483405141.45
273066055,1483405131.72
1526875466,1483405140.68
325351632,1483405131.72
19560568,1483405179.07
10886532,1483405170.29
2018371441,1483405180.51
377437419,1483405142.99
223295022,1483405132.19
3901359453,1483405132.19
24706484,1483405132.19
50997559,1483405168.0
3479815261,1483405177.65
271105405,1483405132.2
603135,1483405132.2
36416256,1483405180.88
321253720,1483405150.56
1078543910,1483405132.63
10280778,1483405132.63
236100651,1483405179.52
30912334,1483405170.29
23052271,1483405132.64
1472107026,1483405132.64
3750542,1483405147.83
3085561558,1483405183.55
260673304,1483405132.65
682328665,1483405132.65
68971,1483405133.52
1006933304,1483405170.29
2051845479,1483405169.27
1744100228,1483405133.1
4260734726,1483405146.57
4250224444,1483405159.5
3006514089,1483405133.1
576833258,1483405133.11
178738699,1483405166.14
129100,1483405182.77
216081948,1483405148.26
4242887615,1483405163.83
399686721,1483405180.03
7020907,1483405133.5
214209796,1483405133.5
40528566,1483405133.5
9276742,1483405172.47
37302935,1483405167.66
868536527,1483405169.28
14107794,1483405133.51
29437875,1483405177.65
277118774,1483405133.52
3496672023,1483405133.52
42552026,1483405133.52
2347846111,1483405150.95
3580905888,1483405167.64
680540163,1483405133.95
1795994853,1483405175.99
23728718,1483405133.95
6401553,1483405133.95
1075586036,1483405133.96
1578103797,1483405136.1
467386710,1483405133.96
11754105,1483405133.96
540206586,1483405133.97
33598046,1483405133.97
18627585,1483405167.21
9409860,1483405170.69
381808902,1483405134.33
18193225,1483405134.34
8441875,1483405134.34
252628885,1483405134.34
3593478973,1483405143.01
617796516,1483405152.6
55453097,1483405134.76
4097219314,1483405134.77
3676574461,1483405134.77
4088869374,1483405134.77
528623839,1483405173.22
273050048,1483405135.22
1660044,1483405162.6
1432893356,1483405171.63
4526803,1483405156.52
774146837,1483405135.23
11914551,1483405171.63
1196798648,1483405179.52
3534607449,1483405182.08
24142364,1483405173.22
1288898398,1483405168.0
1368540469,1483405180.51
226217836,1483405182.43
211905646,1483405135.66
367277970,1483405182.08
268018,1483405162.6
666477774,1483405146.22
218052310,1483405135.67
28306057,1483405135.67
259248152,1483405135.67
3316910010,1483405135.67
1293385086,1483405181.36
1836914496,1483405136.08
245792521,1483405136.08
196678448,1483405181.35
21640408,1483405136.09
20117481,1483405149.32
32575861,1483405136.09
33879063,1483405136.09
1471076280,1483405136.09
1018848027,1483405180.04
35934204,1483405136.1
449662141,1483405136.1
3023725985,1483405179.06
1449798827,1483405136.47
3514030437,1483405154.26
255649836,1483405136.47
16712363,1483405136.47
30540591,1483405136.48
1538919184,1483405177.65
1902757169,1483405147.06
1281597890,1483405136.94
3163186680,1483405136.95
2037404401,1483405136.96
2102937771,1483405136.96
3068165708,1483405136.97
3056364536,1483405139.5
2033401721,1483405137.4
55567712,1483405137.39
4209102822,1483405143.87
3282903943,1483405158.24
264070581,1483405137.4
20740697,1483405137.4
548335674,1483405137.4
104777564,1483405137.4
26380996,1483405159.14
249164102,1483405137.85
5329224,1483405137.85
780844,1483405155.9
178050801,1483405137.85
205907880,1483405137.85
323664068,1483405178.53
4208680702,1483405180.05
22541057,1483405138.29
13892514,1483405150.21
12267489,1483405138.3
208596555,1483405181.71
28394658,1483405138.3
289101237,1483405138.3
2387631190,1483405138.31
184618111,1483405138.31
6314336,1483405138.69
3195181864,1483405182.08
2992906,1483405138.7
21305644,1483405138.7
1923288885,1483405138.7
1829257943,1483405138.7
1799202485,1483405138.71
10398081,1483405139.14
2334279075,1483405139.14
1609252569,1483405139.14
4225926318,1483405139.5
2315737359,1483405139.15
1717744689,1483405139.15
11739698,1483405139.15
3227840766,1483405139.15
1462520569,1483405143.87
3758985450,1483405139.16
399662149,1483405139.48
31469286,1483405139.49
4182952,1483405140.3
38886024,1483405139.49
2291434120,1483405139.89
175246896,1483405139.5
2942329,1483405139.5
729039547,1483405139.5
3713490015,1483405139.5
189754944,1483405178.1
2232964865,1483405139.89
190798978,1483405159.85
14192903,1483405139.89
182057319,1483405139.89
1435682348,1483405139.89
3028823437,1483405139.9
212199573,1483405139.9
362530634,1483405140.3
509532173,1483405140.31
268258520,1483405141.8
2565109335,1483405183.31
304620792,1483405140.31
300256281,1483405140.31
1619411395,1483405167.22
4917127,1483405146.21
1487195879,1483405140.68
144431090,1483405140.68
1571858744,1483405140.68
424785211,1483405140.68
21702912,1483405179.06
3243708137,1483405141.06
1248579084,1483405169.27
1536242456,1483405141.07
23461823,1483405141.07
186744930,1483405142.99
2251420438,1483405141.44
1952305065,1483405141.44
278141666,1483405141.44
199514806,1483405142.13
18608189,1483405141.45
11771541,1483405141.8
1458720918,1483405141.8
2282556983,1483405141.8
1289557242,1483405141.8
198462683,1483405141.8
1501318208,1483405148.6
3218833887,1483405142.13
500654614,1483405153.01
296088639,1483405175.61
17547045,1483405142.47
2881139101,1483405142.48
221091437,1483405142.48
182955758,1483405142.48
1682632397,1483405142.48
43318488,1483405160.62
239359832,1483405142.49
200477949,1483405176.8
46773310,1483405142.49
5233343,1483405142.49
177468417,1483405180.5
461798599,1483405144.24
23628317,1483405183.3
10953163,1483405143.0
12544376,1483405143.0
3008111033,1483405143.0
239328316,1483405143.0
2521494914,1483405143.48
302121059,1483405148.24
1539682085,1483405143.49
5651978,1483405143.49
250393067,1483405143.49
28512946,1483405143.49
292007188,1483405178.54
1120502,1483405143.5
12914891,1483405143.86
30236555,1483405177.64
34903441,1483405143.87
2309724990,1483405143.87
1444190911,1483405143.87
43214338,1483405144.24
3421907431,1483405144.24
27164817,1483405144.25
1562855111,1483405144.25
1478683227,1483405148.26
16511171,1483405144.61
221969094,1483405149.32
1681449,1483405163.34
3596979547,1483405144.62
43549729,1483405145.0
43686114,1483405145.0
1594870278,1483405170.28
2215776267,1483405145.01
25892975,1483405145.01
21752752,1483405162.98
3965939,1483405171.28
20321716,1483405145.02
1836533755,1483405145.02
19403205,1483405145.39
640966,1483405145.4
2279943956,1483405148.97
1453305848,1483405145.4
334906973,1483405145.4
840798,1483405145.41
44089833,1483405180.03
271878708,1483405145.8
3037660922,1483405145.8
4084566480,1483405145.8
53250164,1483405173.22
1551448409,1483405145.81
10103162,1483405145.81
518229413,1483405175.6
143579849,1483405146.22
250642642,1483405146.22
2058141236,1483405153.49
55252590,1483405165.01
4067454743,1483405146.22
422928794,1483405155.09
235239721,1483405146.23
205350213,1483405172.85
3422137350,1483405183.3
296905,1483405146.57
4001958997,1483405146.57
49506038,1483405162.13
218491481,1483405146.57
2070119263,1483405146.58
2837697,1483405147.45
1390797897,1483405163.82
14308363,1483405167.22
1105483248,1483405147.06
259697362,1483405165.35
3511343414,1483405181.35
177140063,1483405150.95
3545305825,1483405155.9
229703,1483405163.82
1546171916,1483405147.45
4309407,1483405147.45
265160607,1483405183.31
203848805,1483405173.61
227912840,1483405171.27
176968364,1483405158.24
3600210383,1483405147.83
464266064,1483405147.83
31781337,1483405170.69
3565267293,1483405170.7
1501057285,1483405149.74
28454,1483405148.24
281802824,1483405148.25
238905484,1483405148.25
246893192,1483405167.65
8012107,1483405148.25
282981137,1483405148.25
14521222,1483405148.26
4114911000,1483405148.26
16361118,1483405148.26
273096867,1483405183.55
313867980,1483405148.61
16726925,1483405150.21
4178498516,1483405148.61
1962648183,1483405148.61
216133503,1483405148.61
331288900,1483405148.97
20224795,1483405148.97
432210270,1483405148.98
22655085,1483405149.32
296098639,1483405178.11
540987602,1483405149.33
339638127,1483405153.0
187941698,1483405149.74
25010889,1483405150.21
3496486925,1483405170.29
455918190,1483405149.75
12998927,1483405149.75
659632530,1483405149.75
460438455,1483405149.76
1924837476,1483405149.76
746008386,1483405149.76
1299706046,1483405149.76
52113397,1483405149.76
1064480608,1483405150.21
37431992,1483405150.21
391300795,1483405153.89
2160016639,1483405150.22
4176635426,1483405150.54
342258855,1483405180.04
358517672,1483405181.71
1039895692,1483405150.55
511033550,1483405161.42
1621443119,1483405150.55
40824240,1483405150.56
3272181454,1483405170.69
33070394,1483405150.56
755159293,1483405150.56
4155586725,1483405150.94
13613737,1483405150.94
1427121101,1483405150.94
2258464538,1483405150.95
908130,1483405151.35
449231594,1483405152.22
3493373517,1483405151.36
3463693043,1483405174.86
4257757690,1483405151.36
1219973887,1483405168.0
3071215179,1483405151.85
505825507,1483405153.48
3578835211,1483405151.86
17596851,1483405151.86
1733972754,1483405151.86
224218126,1483405156.97
295616034,1483405152.22
2139828073,1483405152.22
55538157,1483405152.22
4090068238,1483405152.23
3092108777,1483405157.36
593009642,1483405152.59
35563434,1483405162.13
1550336664,1483405152.6
645321981,1483405152.6
229345220,1483405153.0
2733832,1483405153.0
54857776,1483405153.0
186816085,1483405153.01
19309080,1483405153.01
21703865,1483405153.01
1176425508,1483405153.48
1544454127,1483405153.48
45411664,1483405153.48
2263886129,1483405153.48
250568466,1483405153.49
25741907,1483405181.35
4263125,1483405153.49
199959615,1483405153.49
245097600,1483405153.88
261399265,1483405153.89
8488424,1483405153.89
7851730,1483405153.89
290804512,1483405154.26
460417018,1483405154.26
9820018,1483405161.42
1436706394,1483405154.27
350621949,1483405154.27
256173119,1483405180.89
696361601,1483405180.04
55434000,1483405154.64
296428446,1483405154.64
744112054,1483405154.64
17099769,1483405154.65
6921211,1483405154.65
244111618,1483405155.07
53405064,1483405155.07
256481207,1483405155.07
1478600300,1483405155.08
55780237,1483405155.91
2929258226,1483405155.08
3617596723,1483405180.04
1520068237,1483405155.47
22121890,1483405155.47
184016483,1483405155.47
190615013,1483405155.47
180408998,1483405155.48
991025287,1483405155.48
259580141,1483405155.48
3040222387,1483405155.48
236363418,1483405155.48
24029445,1483405155.49
297232354,1483405167.64
1936531112,1483405155.9
13539853,1483405163.35
449844820,1483405155.91
295759157,1483405163.82
179804668,1483405155.91
212897487,1483405155.91
1957218869,1483405155.92
6766241,1483405156.51
13961345,1483405156.96
2162424917,1483405156.52
11890390,1483405156.52
3437076668,1483405156.52
3535119749,1483405170.28
16798438,1483405175.6
504286791,1483405156.96
11598252,1483405156.97
1363539154,1483405156.97
3482036819,1483405156.97
4025680885,1483405156.97
27175863,1483405156.98
6394265,1483405156.98
220443229,1483405156.98
104799187,1483405156.98
175860770,1483405161.0
495880810,1483405174.86
2158473260,1483405157.36
3788271,1483405157.36
3538371728,1483405157.37
30074965,1483405157.37
179789657,1483405157.37
8304696,1483405157.37
31712601,1483405157.37
2106417339,1483405162.99
2413149,1483405159.15
2985545987,1483405157.82
11736740,1483405157.83
332377383,1483405157.83
3992445903,1483405157.83
28840404,1483405157.83
1393069342,1483405157.84
3657021503,1483405183.31
13686704,1483405158.24
324383357,1483405158.24
465707792,1483405179.52
186136406,1483405158.25
33083134,1483405158.25
199467344,1483405158.73
3949219299,1483405180.89
3165586502,1483405158.73
26050407,1483405158.73
21507336,1483405169.27
24345159,1483405158.74
11273901,1483405158.74
21767927,1483405176.35
277734256,1483405158.74
9422578,1483405158.74
226219957,1483405158.75
2241629207,1483405158.75
177927484,1483405158.75
10410814,1483405158.75
42137384,1483405160.61
25269610,1483405159.14
19263917,1483405159.14
52479704,1483405159.14
9712470,1483405159.15
278833656,1483405172.48
1496623236,1483405159.48
3634661,1483405159.49
243253998,1483405159.49
1161236,1483405159.49
20671989,1483405159.49
31585213,1483405159.5
421208130,1483405159.85
42595785,1483405159.85
190941865,1483405159.85
202641453,1483405159.85
1744385650,1483405159.86
15539548,1483405159.86
3145319554,1483405160.22
1962205763,1483405163.34
24897156,1483405160.23
186611464,1483405160.23
191517074,1483405160.23
511046438,1483405160.61
210412521,1483405160.61
187578698,1483405160.61
2283267597,1483405160.62
957335477,1483405160.62
211419639,1483405160.62
19533375,1483405161.0
4122481309,1483405161.0
2072431287,1483405161.0
184414939,1483405168.44
2911065921,1483405161.41
2974693,1483405162.6
31227470,1483405163.35
1409993688,1483405161.42
218248925,1483405161.42
28331841,1483405161.77
27766446,1483405161.77
974743,1483405161.77
228387041,1483405162.12
1683221602,1483405182.77
42865030,1483405162.12
1967286601,1483405162.13
297659275,1483405162.13
2724371757,1483405162.13
325289518,1483405162.13
4244267972,1483405162.6
32946891,1483405162.6
572143795,1483405162.6
9722745,1483405164.68
13866843,1483405162.61
21919262,1483405162.61
3566201382,1483405162.98
3118673,1483405181.35
19304530,1483405162.98
2991033267,1483405179.07
2278436982,1483405162.99
133723,1483405163.35
349440382,1483405163.35
663240288,1483405170.28
3571650884,1483405169.78
213323218,1483405164.26
11249074,1483405163.82
750768,1483405163.82
1928242,1483405163.82
1510257028,1483405164.25
2041460402,1483405164.25
187589198,1483405164.25
31344845,1483405164.25
3437568016,1483405164.26
1453227125,1483405164.26
42108822,1483405164.26
2179386235,1483405164.26
4117145663,1483405174.41
198743331,1483405164.67
1316398790,1483405164.67
14692327,1483405164.67
348425653,1483405164.67
199596054,1483405165.79
231440636,1483405165.01
3947711019,1483405165.01
1334428989,1483405165.01
32465065,1483405165.34
1746650866,1483405165.35
10806396,1483405165.35
211077221,1483405165.78
1772631312,1483405170.29
4244941858,1483405166.13
45036138,1483405166.14
15037580,1483405166.14
4184578991,1483405166.14
32453687,1483405180.89
453539,1483405180.89
532908362,1483405166.57
437611381,1483405166.58
4027971734,1483405168.44
228445976,1483405166.58
186672217,1483405166.58
4232111939,1483405167.21
1436478378,1483405167.21
2253028349,1483405167.66
1043475293,1483405167.22
1696333590,1483405167.22
25827351,1483405167.22
23837438,1483405167.23
1113517014,1483405167.64
402785995,1483405178.11
4211793718,1483405167.65
104832245,1483405167.65
402120758,1483405179.07
9927381,1483405167.66
283197260,1483405167.99
9460942,1483405167.99
12092362,1483405168.44
26667411,1483405168.44
1794461180,1483405177.65
296080260,1483405168.82
250935954,1483405168.83
259598423,1483405168.83
212621176,1483405168.83
3164882051,1483405169.26
3423718181,1483405169.26
3156832078,1483405169.27
211250831,1483405169.27
4177203528,1483405176.35
6012729,1483405169.27
183041062,1483405170.69
1228555820,1483405169.78
273209964,1483405169.79
1433938799,1483405169.79
1434334737,1483405169.79
179120937,1483405169.79
274576735,1483405169.8
16954113,1483405170.28
2239472391,1483405171.27
1031135498,1483405170.29
1516229735,1483405170.29
3586688173,1483405170.29
1993422950,1483405170.29
264345982,1483405173.98
2071220678,1483405170.69
182554355,1483405170.69
545576890,1483405170.69
3545233531,1483405170.69
274400220,1483405170.7
288112609,1483405173.98
4044058563,1483405171.26
146157110,1483405171.27
492262536,1483405171.27
1176922772,1483405176.0
4121372212,1483405171.27
1409591961,1483405171.28
206594975,1483405181.36
2591906,1483405171.62
4119650220,1483405171.63
227174061,1483405177.64
42305588,1483405179.07
24654360,1483405171.63
2289805633,1483405172.01
364355393,1483405172.02
1414240119,1483405179.52
4055393016,1483405172.02
308264513,1483405172.47
789722532,1483405172.47
31526567,1483405174.86
253398535,1483405180.03
3138888280,1483405172.48
17752692,1483405172.48
267460086,1483405172.48
310138878,1483405172.48
36757699,1483405172.85
3146938950,1483405172.85
716043,1483405172.86
32877055,1483405173.63
278970691,1483405173.21
191994405,1483405173.21
2565592176,1483405173.21
9853490,1483405173.21
181593301,1483405173.22
1906999130,1483405179.52
177959583,1483405173.22
365241232,1483405173.61
842684432,1483405173.61
527487560,1483405173.62
32993739,1483405173.62
1586396598,1483405173.62
3001973687,1483405173.62
1145338039,1483405173.98
36718660,1483405174.4
505481255,1483405174.4
24092136,1483405174.41
397026126,1483405174.41
53627438,1483405174.41
6245539,1483405174.86
3115637647,1483405174.86
177938132,1483405178.11
7640281,1483405174.86
18484634,1483405174.87
29806036,1483405175.22
2022573,1483405175.23
30558063,1483405175.23
2841460,1483405175.23
929630297,1483405175.23
1582755193,1483405175.24
4074291296,1483405175.6
302084423,1483405175.6
1464779519,1483405175.6
1425930674,1483405175.6
1942128953,1483405175.61
1623253115,1483405175.61
1471987826,1483405175.99
23097011,1483405175.99
2258537430,1483405177.2
3612439774,1483405176.0
270435727,1483405176.35
426585617,1483405176.35
52307282,1483405176.35
355811222,1483405176.36
190808042,1483405176.79
260897775,1483405176.79
41153482,1483405176.79
1154907862,1483405176.79
3406465146,1483405176.8
216214047,1483405177.21
2359080704,1483405177.19
520936899,1483405177.19
1223172,1483405177.19
245485414,1483405177.2
44710985,1483405177.2
13808582,1483405177.2
185659963,1483405177.2
25804336,1483405177.64
17085102,1483405177.64
208236111,1483405177.64
351184093,1483405177.65
2223770239,1483405177.65
34408714,1483405178.1
16198587,1483405178.11
1935819550,1483405178.11
1331458725,1483405182.43
41235146,1483405178.53
1059666,1483405178.54
31574165,1483405178.54
245991607,1483405178.54
1185732130,1483405179.06
3145518947,1483405179.06
2272991247,1483405179.06
169298,1483405179.07
1103186168,1483405179.07
270527838,1483405179.07
20838624,1483405179.51
1566261754,1483405179.52
174349970,1483405179.52
4088072571,1483405179.52
175050842,1483405179.52
2196024322,1483405180.03
3561827979,1483405180.03
660031949,1483405180.04
239404754,1483405181.35
12406526,1483405180.04
1938307660,1483405180.5
297583223,1483405180.51
30185528,1483405180.51
1989256731,1483405180.51
47804542,1483405182.44
36651267,1483405180.88
258295564,1483405180.88
9573919,1483405180.89
509610397,1483405180.89
1376324450,1483405181.34
17013316,1483405181.34
5468198,1483405181.35
4208585638,1483405181.35
1955453134,1483405181.35
1208637401,1483405181.35
293068731,1483405181.36
3313462722,1483405181.7
2311614956,1483405181.71
2321238415,1483405181.71
179648424,1483405181.71
34912562,1483405181.71
1088308245,1483405181.71
23286969,1483405181.72
3071685598,1483405181.72
3272416709,1483405182.07
911079,1483405182.07
662362632,1483405182.08
12366424,1483405182.08
6829253,1483405182.43
477749196,1483405182.43
52725386,1483405182.43
1094532524,1483405182.43
429935411,1483405182.43
31315397,1483405182.77
177501519,1483405182.77
3568512435,1483405182.77
3584051454,1483405182.78
26818463,1483405182.78
35414785,1483405183.29
3121610083,1483405183.3
448216198,1483405183.3
260583521,1483405183.3
184715850,1483405183.3
37663794,1483405183.3
327927188,1483405183.31
1729730333,1483405183.31
49635352,1483405183.55
